{
  "axes": [
    "1_economic_model",
    "2_environmental_policy",
    "3_governance_structure",
    "4_decision_authority",
    "5_rights_balance",
    "6_legitimacy_basis",
    "7_social_change",
    "8_cultural_diversity",
    "9_human_nature",
    "10_international_engagement",
    "11_military_policy",
    "12_technology_governance"
  ],
  "matrix": [
    [
      1,
      0.4319912756042497,
      0.22166943076774082,
      0.29144770855983987,
      0.28393054048542543,
      0.20671329720474005,
      0.09416450682458792,
      0.32007783876782864,
      0.36327787747187945,
      0.2031238167857204,
      0.4242479477301922,
      0.5301105170892206
    ],
    [
      0.4319912756042497,
      1,
      0.42209553015976226,
      0.28115964998419873,
      0.4185561534010308,
      0.2795094639154214,
      0.025332046822847756,
      0.5010188794066335,
      0.21941951687152006,
      0.2946790615518086,
      0.39214145483407414,
      0.5236255401888282
    ],
    [
      0.22166943076774082,
      0.42209553015976226,
      1,
      0.7140886973927982,
      0.536946001003331,
      0.38196762794753136,
      -0.17064567738168346,
      0.4056008059283397,
      -0.044634038005815516,
      -0.04610177499218352,
      0.42981159024349064,
      0.45345072300059863
    ],
    [
      0.29144770855983987,
      0.28115964998419873,
      0.7140886973927982,
      1,
      0.3332423148906247,
      0.20515798298389418,
      -0.36341937421110976,
      0.18809071288327697,
      -0.1800775245412776,
      -0.3126990558287973,
      0.3461059700681068,
      0.5070176520526051
    ],
    [
      0.28393054048542543,
      0.4185561534010308,
      0.536946001003331,
      0.3332423148906247,
      1,
      0.6847540256132824,
      0.3008912131158046,
      0.5661727988889179,
      0.3299984746053667,
      0.330021093038648,
      0.5781822963785598,
      0.33379894473598815
    ],
    [
      0.20671329720474005,
      0.2795094639154214,
      0.38196762794753136,
      0.20515798298389418,
      0.6847540256132824,
      1,
      0.3511070083164703,
      0.4002870449055088,
      0.3000982279526945,
      0.3713205940084457,
      0.2960830747466252,
      0.2680025234412981
    ],
    [
      0.09416450682458792,
      0.025332046822847756,
      -0.17064567738168346,
      -0.36341937421110976,
      0.3008912131158046,
      0.3511070083164703,
      1,
      0.3310690782034001,
      0.7221401771977545,
      0.6328081292477624,
      0.10099301868315236,
      -0.24165411975472234
    ],
    [
      0.32007783876782864,
      0.5010188794066335,
      0.4056008059283397,
      0.18809071288327697,
      0.5661727988889179,
      0.4002870449055088,
      0.3310690782034001,
      1,
      0.5127932503133011,
      0.48582691440125064,
      0.44342580692876593,
      0.2863888864409478
    ],
    [
      0.36327787747187945,
      0.21941951687152006,
      -0.044634038005815516,
      -0.1800775245412776,
      0.3299984746053667,
      0.3000982279526945,
      0.7221401771977545,
      0.5127932503133011,
      1,
      0.5925531673390458,
      0.27596269107865595,
      -0.02990903417727711
    ],
    [
      0.2031238167857204,
      0.2946790615518086,
      -0.04610177499218352,
      -0.3126990558287973,
      0.330021093038648,
      0.3713205940084457,
      0.6328081292477624,
      0.48582691440125064,
      0.5925531673390458,
      1,
      0.12628397420121348,
      0.0172656164328666
    ],
    [
      0.4242479477301922,
      0.39214145483407414,
      0.42981159024349064,
      0.3461059700681068,
      0.5781822963785598,
      0.2960830747466252,
      0.10099301868315236,
      0.44342580692876593,
      0.27596269107865595,
      0.12628397420121348,
      1,
      0.40854438556672285
    ],
    [
      0.5301105170892206,
      0.5236255401888282,
      0.45345072300059863,
      0.5070176520526051,
      0.33379894473598815,
      0.2680025234412981,
      -0.24165411975472234,
      0.2863888864409478,
      -0.02990903417727711,
      0.0172656164328666,
      0.40854438556672285,
      1
    ]
  ]
}
